1

3

7

12

32

777

45812258954122244

2541368754198

100000000000000000000000000000000000000000000000000000000000000000000000000000000000000000000000000000000000000000000000000000000000000000000000000000000000000000000000000000000000000000000000000000000000000000000000000000000000000000000000000000000000000000000000000000000000000000000000000000000000000000000000000000000000000000000000000000000000000000000000000000000000000000000000000000000000000000000000000000000000000000000000000000000000000000000000000000000000000000000000000000000000000000000

7317338238014566930873237264375269034897904960356521685783758806115932323446838023658292363735845040609482617460407409411129020644195235112808618133387066086314610438243668033635330280987709942176404517429916767463742136137231709163389821137602818309176184829094194792719115679939669503256234193902378755260653003707776035494218675427203403753927334402390695306646025517360775362612656594717891648159352412645435358313720625285806187887

69194634346

3313756505967112814396241955845043148646230648401679025653309140851839967871407781416463404778298431765382174985135346382634664356597405096278142880161503671782495322640097067982535705741482328894926533442149666083378499071655319444653185355698868589676030263676932046000329654005219538506998928374907189576054109695831765266813684266466876479740699178590042010492816359898197655719338535694602488193104650947306600

159329331643327209029240190970238439479774529671216623232529764371682764339553587805626024503509703192220608876384654476023067108369481425985926251

515534171959431748782855

336624541954125213760134087382511466008693019224091377264238394578990196098899093147191392850899594404196309174665416050520191449242952951796092280474682209784383143659032036715

6283386069055708148458591535886567645773439503225345813224957108333698079077554983853858369190615773863823817528130116138652057066622146266472117489651373175046575921903284240362101846684478877235421964504874354034439832501946713751418639443533869342899874107520377290333700019702385931629797985740428305339090011136082409587133703663299782601074275693541778697901660783921

9182737079251163223014538743637518555599721753428214973078433787430004662358377898844914791851730485738158290775674666837547168416101887067084653456443707306159993514545328184366843493864704484312677534530263271249111295508662774220748020348620116274564941614391646849089340150085004

1261661252946494480623082671117153271650934984573586534414172062421708705443943781356885564944908135741581900211641966577046177261707162001923231813409607128205620091630211494648863234555658334820825819405291368810

95473996560677070311070418617861939291209582401453485366748860070068717740650854847619414471300039757110178176629583468751842262974392828125390953498344382143654387077482255710342586127898051836487380297144295500843518516693836231138923514720026975539297934988885455131870328203330959831500423327482886912762137195989291497610751730099055968801689796851830860025560134

70406596324938309222458202620127413784067089394379851809889558698315404520662444580620643401175226743374527707169228309694461812884352264394740378503207006758886396880494973785118515724241375651649779736963838872750484137432981305088928222575983453770677320050924134430182797171811

37236985100428671840709242927360616510287633341610490978421744063342467395633259802559354535322597321356547283496772070792817033171788317311903931353581216756129684941665045809454952135617118419164

7585811188501143374713067099800097537310823235795042692769512798263961636419578029316601166603267573747444273190460640438898410700695261670856749122229706532767325429866889965313155723085280308217645105561087076757188487280794789656612399984801036419295476956755332907267042450648784833998822206637644331451250743834689111468676

649090614102957639619183231969035775399952355443109036072812732356368594079694369411601654044997638687171846621181109777213117623057827376061841687360560299379272032450292385932625830332148445002770120067566549528282394903445571790386742121197078353635152849215943952551991734068584223101731877989188276454365655830

50743292439090116927699939152830555388300563428390666765560310826226236678403535879829284183222964118791283915679725747012796376707736107114719238126528808752036390124962351536710353322377985555018843641606717516358600211203035456708903905891999062263746492359350230050976421005585276311967927147659847323015270047

1314374435128195712220336480947385092709325978230550225230179821063662497281

32619105770262614781033543952942227114425922141095682567

7379710995368819390844612557956416685095758228420574047484091104368780391385748342543212172162647620083074571858352287986929255267956002203038734187267689744140106995983029775247353672575413324712279455388350406958587048666085825236063473917987494012661950259319600620869017956304222787394289471020624703043531501020206795141286377641733587148491012982170831728693232478564122483397281357268381569

93507837691355671225947564545231126015592035465889073427166381023977104835054462678381468278825273474989773365353231696

5511969273241244176191928886521676828091063178752337591851333856975810717340528673773711920931507869240487911359807960413077968880310463074389325799400001502722741423318417734518116457420818327121848479518402704894000391668484567739573655099562322165204552863220625588596694511736133548462838866973798806155146978014781371703326402587576390716239677275964874691750720467404263506605923774888221846612539390624605549847024084218559014433393

14031989928158296157094265560132728764026739682640432513510911320628058155744828476993474945792100668668208166601470177949072280361539770808330585635789916930243696089615352922881989765482956903426756901122424204941592633433504759818409836706029162152891712870674123647225108850486434525831120981891250659267879550481253059587389017517833704898999459644110762065110370111128

364632094771734847444542712837795

769620393467727214060198273950785682426785226792929597478301904125047322909891482911732311154266075264105537197620445665281833352270572115932583450940043842123365407835436989563091503529721763934066006143000743169112048158445

9536714297561838734024496516405718408643007353324957431800643876917640403785334794940904555218587171770624498942845231368006979370749994414443501061151287419794654010790685357452248111881438491742220183843521114541

856322384667826145841947553259998693719052247539404399256062111920839354152167214226074370208786195858157547204009566860410153897980043409506041993005160018715860310367832367472081862

127254343509475977566396741782712040337527259283057374848624270689673596323629753

509399903448273386014784582381519894416860516758273735625350367707759494828765693689817519248166970764133497887719372224301026013207884344260699863562646696713446468690760378035746985769765802893725544198840457827060044993648837236147557788865207878585106521132962786809102629019641517706033851812415794449263716113473673524951331132979276400323869682931566722075004806661340227039629194150722879487734802093309185749

22174560190827049783255921968336767165897635306153440025610259594788880479235782356556971544349226788376131288546578149874769719611332471564379326234556523713563185445250899558305766712190951955288944933102254289981142290297265914749738056305635738204903065384148538731298517252697

460658536452461264693651954862000614280997750587481615180552754393417417303152230443510549285901930925890375018421808682618353287908625262033098334603045985341202358982919172625758192115814928429925616470302606243127519128369458496050821240824861957511357167502573084719595406630674907975671206971398423785851616751065407120655847977536135277097867965904548826545289193654410834330882

61791076589024304229612185013925905055887386407784141225091963811941597886

1433526350644375567367774727997078454977323107380586304156628024042989714720271587127307662844111816689251347193873029011107850003575847959424925358910919334371402340471406939841131597087619096930808466508238526893134576710574421127338779599021003845

130187151399957531414085979575394005971998321788976935524190951947834249818789558624491658582948086855359664353505455580894647330529345998995327886047272697878708394961691185990753295323861073293996610671508355193153594570933145314763119527822680046871372957193999444834350094701

5905542607756380382303805954401364411014483143880304962565071674027075230968034194065993944441279819296849153875023945256512871649886917057645946

51286497589052699170465734349343546579933912713398522484535495256668062328558821576805176618051152136368150790757284726718219433407849788227865707160521152013649025638188444714887420613309565371303715393861520014036289383727577519586352524589279410217905589424529061696521314602108506680277781277504146111180528119439659244657950

9721384721914283879647606944086047232337554694480787296217929224684180815801858051377838374854619923026788683658299382696356708781718385185635814845160488359838664294267521220474671824491403237947327241454219710851981584148653802313780158466268323092552385065702082562917928737778911957690361724212938009934567387359714763567955492709031569155916241556763294495029164157286902309996143031901944040089591007157442641158044175339754611907322633816667369810714001943037579

35796878203655607298243208902078525758001152313324217409684246304099331854491687569845487788053605734632013664345644061100092437026063614860948542001940098353623513267425067207163037902879204430628065665420926490880876053121841458537895510748838

37604908073769385346238800922774951051480032111155433050968756033677691691824335969462375396645415521512696849959256133335

79731307352263769715109276787794103889647568285456344219936865273266512673303570841692147006347551145549930129802989281468853326906862278839518335828799124075198490124305910863483681517903975101834564428269678756087939279042659256610146793047288178218317256485734351446393528490133573777131371000000397201855940287682910075844964211052789201502283572416811

105974610043315051496992028579958158211702376495821459083969902913447554794355952627490447539983601789547327052253463285314032439836717621879092118061313577966161284822067275542096700212430855751679321353699761626874697560756292563770579069712077763446396338928631676395987670328864431137218933022334774838032812484727752687065749590622916818031028188696240094879545586164906716189263120359017887616236348409217565000858963729856615804906042424923385709007060955481726887392246

5977706724057283045711402800208558986542697295833968013275295549533428858086833652928512

39538231817146127478491304404243179124211891497632699960009855011135803680192932556598144211200079255765690399563836671449750372701524331615644132392297039236635756393340005261332231967183564879122196174623441339336250132832105993411290337133052152201823481460051306986441707082000438941724268069895420821040445231338731014815922249926448022199770290002785842258118559855235716717663615967169393496123802637214381650106639175889371053

532486634313164179294562011083023492114769066921572748423871754092384794518833251922492189394023069222719205003777117683530398388107150085919580964379342336694830460957205101175307493217059685712040113193739236842092585392897616750041104203486950517149885250237966153088097405198850769200260494289187778882948038681512907806670592409856249471428868007705120719919780663339764312976867343420241694256816462336924676628112678474780274627871446996140339582827323

98020048311249629763738530550668115270366427385985734886059999780477613804303863177182230920606206796840850411483284881206890640932017004576357994334630800612024049929668615489741221219552784779354111941334013800126050567871942866829524511640261928028399216962486644473208500325285576

886511846851422501343103443657771791009138093342267876292230352133126237069830946726306287848395786092871696972806094419023253095137663469127904705569896221669153041782540703991080586769090892109816314332952998386324950519503889799715556614375256277559151710137792761097136063022736854550519051424159882245665889626627231465431961817033220691

14531332548100706196440668053019393838167156472455157131674700129355173993933541348097193010095263870136014974591175118143992995056470795

83314414403547104821395633001156866745455660905351342410627936996952311354304174335958457718501611026310445981956794242389168637912752169628603259496838512851470447

14932499284802065247926631963963855639671631718812483328173064245401371140052986475247672363886874759254297569319870915637642196394991844747646517221953437851279195601190527065566231176619846736506440852133501439407172608257637325545042328427502537136841427392358871602935006185562411973048630315850050084535668989040665444309355052951046234686687181

123397936816150330718849054858453913609717601311

92845075857481815461850179856002047218325414301227496928676656703729392877156209001505091279563596868745545271981605362880349779633278464302719635387684068872514274767568139209198379442027920245885792337726409656425294909468782461

251712962092919348095595251836479385394229947350583794228047088474540068526418066391505620274056428173136994091202465360018360562975633000780235565758207421496271627361622690429470196912420760347019565311236443246593436199499123683004578072077133799667611141838214123961758715330484239683182369524591482708838522184806380579913773108549682863585309096954566266710308738444039683481489339858185195649294

30391610043827635213556913905488738737602919802110722264394041373518376012717524776928431749292314840768274530493743476395878654435734233076299240853121116230536946077591471609455358188985315134363025866378913672674637020101074064746981906286986642951715241021577140759669118784380592871825034263859093757842563

25

24864321912985591153888560135612808752682994144231778672748811473736191901998058477913649258468938370616196931527456690346120599216509246329617272630264954706182930511133008013790061576548058594920312827716573146908957894782760683927861918996370233791397992697

743272898764455059348475232691391042688559005803012252273596173966107495151193710402845417630061268874496838597858692675768144668887963532680205614134269360017488300301351356010799257283446172928735868247312249978535743297496955945645243515033040269817569538182195480389767779162252007193154592664048671244748311202702204007540891416916493260741230731610123529683005100210501283709301672145312368305169666657494085744990575384353414134934450531

578111189710330955575430866106413953294172307746787959441446009241802836348168271027811436314762658727174302412180259866808853708293464495268920700887698934054628470177972986625829573681722319339576459857104

3431148655514707853716100230058944018123209705772556654590787035247189948396310209773

8600196354343816449326924684203381028396864680516656657584010836749385262231248880305878264858969041787817303604328157851336346211298011857238027476697932288696070540624810003908324064389772510466078859934961984930037692362013220300502393737024557850146964729682760457338519190180299807025683117533960655

8310668329838117394317876751326071420207931711987673132860795201355159593083285980179386267617466399393080856410298286569443989965133431122058053298114838973578799743228723158470030212701135221729323537778662099494321278739979843653020837324673986751678105844048279188845664

740964704686171885956651891931245855153799619

56429

697513274799695179188134714533942035268387462252851806086289898959468878540628211643941958018726955286563964997052886258524002770018610348039259415454699304516545190211948617800849300254093862657523581558898575943951439858407173914622396334519180585896618058872341808424470526075486230406249580777896796178052981853403270277391941673758596448626081698524869979777275569782239584885305090893246593992179012647029322272332804541782237545258343756135931506177878771926280100069315646228366

62141898663144494068392592386694068273654979588198849554192554908793860683371277079982124128270256527811089961732151486211290286080907778687870370143814408318162284668626875331155298954327456854376206162370011095139725938470518

5127071899314611026035003998249107032727414548496164464118788896241946500538690325126676260926396327915758950951341819356171714147302076870719169984765870485358892557994863600638402011267011796088633228433229868068594294044907742078595670552237776267320101024121611773049663168465063549566072306221285177128708578571217442497178762875697229878245211694678762235337219278826254600705133593450729837481800642788253947108981515948833380127182942941257829399920450855351702781277575895598557

4671762393362813454152134504821178507324997724246376501237729915525984437317967947876257654376748481485142276100874786568944691466373884920767118507164803480578182760105888640099105209082334194667382540386498363223298938941770215673713463617876311616074936492937136387719076079729543359544710454859667021542436336506311940802243753405798502566539839190281254004179345948068110220757158562134001484336509164801411192513868234198067632841303795562692786544236478110176950998497651160852935643433

4814519212951446758588266407142218226821217396935135921811232400923296295068407259334535744886526144214509204323749827554519582783013229514519102722506607653658117174995189339046058391694220590998499807398433448281036504284652310825893450250943100744968056396898003417508310509963256829437215151533402219365581552060406306770260013315495551622908966243704840092719849454434947446743812232213037697991077500451285211169986089971823

7162821174448904452333466785353751903461915322822142614655442116197673930685268117522198718463240127504799515381629020239987882274535381330242669247223288848812591582247654206159337753016157645262354686870473086073080121823765580451925268333353411402632512268946577046164557035668540346730256948398044

45242880356297390736296204615326424451078470910828810028356827374591223750435445646839653677475680335220144771847281976335405583652922442690303174796771244115382431141180232604596628392302406386055985583910851180045352050527356224729472224105202160871761553522859714928

602151309631068575065467828367599992854813543519078851944867326115533884695572311083744156221855817676371337971790856989340344571886915131000770510782785

11018138716195294166757452195944684060249974181872038964554655061316202869445805750525009768460749512667824290996210086412320684614568695017523843906071296905564290869718519651044401010362334849564200079912714791359178281488007870988363827582965701840380778530077056451128322809436527059257156412566435831191146717198025969677713195825327718703158529902074199522505778766170569468642279527685576248992815778970593592771598

3318648940523289337996478076406804700509310123992535420715361479391676673327793967428491872045751942311985420785445476568326202007202007015283207575644656386643798084960477844645636960372725119225384075451061994813785610799515883600476846478116474128650566715958255959753020467081842751585739631545406493047499450948901884663411764688671888572610606935793083842638433076623535388559359023372351124045566020573217553342597417645092642484326462724641625458367253287109404

618008450859183749912913634292623631498775153662715556850788603880093921670146817884609198714402850648979326537951764818469242112873463414165453509389787836960437798124910119836921639720816354006838406676164700075615624040034267867339082214262909707461431317633731535251993043805689651829058813659981972186118920292724206386359794

763634528918120718068600602810653317183404204902137252786896753445099923580825701517031320346681615994103644572761823955028247609393108247305861977949460616544773792342810904229667273603054523828289113584929157340020094854178551799623612041521675455273114578737634789017800750247794680808884495443759246405945208666472679834526993397563183865724909005984339457161849185029687810179202795780401268117403891835938195056006609073680766086443850

62440851300975587356310644006978212244562394436495999975427295250987309265204923180645793999548113994828202018071864157578282731776190748230107717210640000469897534821963455376639296186662386876993168726193948891240668754691391505402799784556038092

2094378682383759770269037325488134817555399490800177263297909141744925553892063228234831251266087179681509442506644352132511809099433878604

176477522004145910417137390382290537203856837797045958861391308130169759317145354191963082772787465087346006075972280994744858961544447284706354883983059942198054189807371827004323633782774041684605979025369936210436597986728327792310494970960497771457526310332475594298

76176402919457359478999037119980035130959688811549163608733600527928828550502835200495434490138845832015662097191596111638215611857711476645

101338652195557259522401880198953049445750370704690545034951519693876651244240682741187602726744633224802815034184623477399935042923713830883713822993816311023958728318826045773739472067007415416064678144472622193309732775299156333163204104990199455593898851426668544712567621718478551814981596770956492188344280949594862104250106853541

1513446526624484595707195616476684482499986266704115466374935873100567335704010121378008423508793568716611270286358946390931707381162243416041987756227463356806681639633112279485745985973439280763626871090063794073713909609432187061996766949084925125173977153540982154379208817455098916466387742135

52849274524440699892838377441512492587062475116180172719808415216473090568848998637640100981093571629402523126282671563376782090205478215230819336412546786559

14974018820028491231820636482331050183532623295512838332228267475648772701005097647727772331036531229959327053553128290833018987823201935352802354422313688686795799453595954098474088653537955852055264113540533036775405562253225231189528815473082696139318661882733116959969693738584613993303485484135662383551505000452413798142920033101060812030710786140615515701515605943182056270570277064197626875752307336764075870211492401589887746441822736384365976945

957143427942887913773882525882858108272399729380194026418841228390913182099597440340785553251848061565458364867686100248058691159336511939264768759176160867111181830372251213030024646737031877965894138391099460001737501756632908

10269053894690499251123029424039395570904673419049757268852293254337652314901589723767674288995662811742674636230397150623391415166016980566217288000864378425059437958663167053665916334693076600746431843284111500513980634241548593017267512606986311028904597543773121465922659258509125163289391625075455462202349924829215155242304289116458967745

5701125079288648565540415517684060332244588133511706009

136717258455099603485284959149095409214205598811035571592113296284254526159063207234501964007137058417868227813852728720451096175393645531609612318345279287195647937103309432111822982509869639417964578183811255313617688836955164013884869153216533864579524730

592758285454125020150890732472456784151114696694265596771364375906230749607665143201216990716761967510061331493411716373782425289078867727776436039179

326775845726020710274279442311058355618184371389010472140865596199087263937018626798150290665050696011680401347893860369731735475147851730927909716045074771899819120825543

81225400048344662029406451231788451364425075141136713328943927944730449192843511651432779511978904836085350873323608278515748385051589393891162462531582328605888008134796944522583841582057767788867506395

7618021098850291920091000981823849771375069978409313286194890376231064691632066378889589542480899456016182938641639654768105447898769238869793704075633291503588558177093685598773726006969776204596988986962576981407771052265562301983584986249584315046289940763584472985677032395866324775691456880202183349904063779383827334345145734734544192115732242224916683815387417251358841059590363035306720739174009018532668

85295045215508116849391933244553447703678384976341736142668112244477076574005442276319214414130369545014329385182874915591683401434786935032150280868336809029892667731990321069053783877501189606834109964199943552536038383120139304644412144266540458473

1861051200131261749798750742272180344015558595830098535365281168505089452185730050048197456816627999868414677773612093433306757779446186159594450027223589971351737018636368994909917468107452754071503883619980018259804755367330899762514298990540803652628685245947953159326577258874437561100315077794

59192333848191719928766408852941236574665602307705118521937153306228495229915351635087132094015083508004335557941822789379132498509013744292945188665134183154423346183310076725717791534701362100861777075667278789345348928963039396389526923880395773258381170776533030310825753792454225241951872511961841215254000420429417759040985238957110480993534151818618581276755615606490094309444224724770628464720611884990991566179615768697809576312838086668378703725518815093382117290101121680676476

7188078989344475617806889460523640379117258372801044796529917036766697616415702221155948169288886934019280568582625440040322361837770251039953542890499170078347707680995746816502945918717873464440491971114195082123839358756324262903336292839553284708516748685336067876189991639403662804925394771839703266017898674253441584968109601393333391734662216550175516326536942989191348661038806410652656676895790971907831760472354857111655299430030

119374990167905181905457593815760505378007908479725561520776089454097838987723964235526961699621499380761252484843081415598024353181804340862973909182103327809094968219259535126082762877404193095468461375366929670757357004020372957381176314781770890821013374151652925941933809252429892757912064976067729513751196010721081901363571125966229713450099919818084052683350708693154764058442432764607254141707

4282934072018577173119913569574977265836105625594504615963391346531093120348512982285948045972785763860332737234385300670627258401928893837515684980707771871231731772920432748115975978245449073214620158389916559542388903985698320877770227603619703242569407926630659825927662919957582883736603438539964

64814422615640889191658547272431052868294369970885590716636509306186288684247030869330321531888173648323106950458957656906277495526474634201956846653395992582260350863333901579527336644336737689661071925579122851393084122021437038031429978575195553257350990089517072723698768889413119689778531730292675463858882605347737401103565149751150386863301421968752832827771567995151808585519592644657855736764117

812413352652099084872321089353459843045680992631994541463950911550426974397176599907108990270861034121657191880926785234818180611349394941582070980959595321812064809599216036865187539360251156244663713193168703243865559646665636776097177

90356280080644948837392657318793835169702296921826066768822914120153844058474368022495078322886945545375005036135011604477310712193373810819781308943045949502630172035876534963342771853518794592057925065557529457008960515795308911199827922818617967676218400714651728457295221173785976109232923289683222207768523426067499200920750457675248738458793208844902255556678818673470055277

305286767241628861784150523134704713455864280767681307029381767854180943859288611546604933462259130949249904777629173256192104281476849802829612168598479412720414985972936885491396538647921435696394773478905864588050287764778773858639075327741249325695672872498

12129155050064154494281252916205575046834228806130406978824160338794711332693216226022619959711776843639026620

592363369795828624104126536034793651899516033884498471208080709893561129370949860476309488056514228191345336022798746464957572126213472441021033308924664422377094562944645395586233114730688148071677582066000613044318521530631187972469590087881578752601554142091635638873502336094622067934908275880400926844790862310606886352571164457643403795818411624427457850

860779790217264942941008892748888029822512837149192858766954759138723228677151449585946774606

1319552080377604326004282272358973072986553305708953099656841136238342218050104246396148013141298102247074671257614574305867940995798853092405

486347628114926943094416881585313713652963441898191881120433474013157801575276904430022388348507400046337525728419202354062997086033469162340669880535539523297829937474509496435594361750778920235453057312047828122970960367876079975362477685670059555001551478179481816103066103805294410670614750337109031239756834252164987092795246726390910532988750248627014091193354190687522676626741226774476415448894679773667427633749214527770900698

968327321976946225608722922260401332759548821170555739182472692760597156807254303941700689070233919138258946098845307561811816803718649543952342384724917665215076224133318629190441757128154381482681373351561845309774036885031295057873954820363920705701234676356681090007778265866606575926014713928473544749084880280140745182038487595240610983276741895900989585648618481623380612950684732376761521170538968407087151051250857233270049539144898751875257003105103256128177496795253490195442504099

998724900798572

89201295918908464797605252096438096652493238633815473300639183861626419954054599696639822721316018214941585898976153120170699777339302189072812154597654748393441581204240527483176671329522178390807317341928078941887485071015882934100229136545327202421064378707847699

1808003649796335524465890548272893241582223240865110407553666664738503398693092250505810496415434907645260181420265862068200848955340324

10802550072522606102942004915585846368024432924888241489554771973390171456930190

60574350955833893279396128965589431109736898949691511671320345880829730795827357297661761618150128681863324835743000572841113328465559080844498896857457148764075662678028310689753795695950119179024213193521745287512467813462425745322605579034517764711263969431948712097643326048941218396558302537202695435047381647480311099699603462473039754028314585309293039531871938322945864584270639876352361022087479788084612626814823670215772

6445427890066199568227664213241717006270996787164889723903211113687113146175702248849622663725441656502866125657970948015341755375048128266845842409714083769560960341563432987998983447507652356884640683424340247252401326109

77761684505678689821330312723554338506595804793246929539789741205580469704882256748496170490555409974882901666354545993849281468926446183104346384735692272726766224252788703273811361953241985790671967724912504235553817432977868635763029095656523320348926485165053605669033931389510270463

63091495998779505494080959828173082859387207773603918531288118431423230028784271736671613309249774222140472473615249247011005560634212388419523051138557219021843753413788572063275692283199527093060434447499320505486854864436571410079788159394370081441318519000054403626920371936293762200178694013133228254968854657548975449157247936464224086318611323831375637975741187436859968160947872389122186468699924475452283908885677007152679883608617062585180550981760681722118

337664527103774093599147112129920437957379343740791567319413815011406099162770186526573038419552696360

19639973506860927631809438103895879521973979981519106534631755132924029742393770579021070514343736947406526982465296887832118573998482060648736667808350596110467902521431566762087958011777168261396633383180434165408088455986823262816073905787295582940827199110237592716011767879819977053725572614795142048992253025382321123529607719387855200113676736149498547924569316112955138621841835967360559239698133305940190384662537547516363311655857310102513620892435434320839

8125291903835441996064138275131380630513931866201588002049745020363485475925103351094658436143238534437586797076753635035383309581282663683131672377866025433056479659030381592254606410198378978187223591098094231057103864035517588139845067842223698046818586484302894119521597159622278444406557246773677705454064412300860224854587342529799029839619466287499933671439364190508136905811645794791577438838539487132253009410459737429468434892603

71116621336875140459735076787602021977562845030608909765896620018075640721197324071536125664094524248277240203975894088519573420308067625433644552721454115170055999434974642571943024116066388247577316416186796870058449724133

2331197440128500753326974360741268106802575511781430855349511169562045393395954065055172799055113045945532186036889506752883317205921461968365329720169474353414895726819280718698288165

1731567297605400817980723918733874134268574270659772951148254594295640784586466225012071220887167853247359425784350456558396805061628561922320671137330756148376937881187468580353114900642288511778427972697705016919468186532989302567667531169660819861111

126960367139931129588188370681521772982637646555852285680735373801420665608983661050504198386430976898348835048340295664169156361794558581920015870450453404527877623736382397961333947950633021231618744185778849498859319664052291376465989757224697156327901467458194455150684115965584757234626021877232651974733588253593825731693076363542442464053680164515555109573657752365159771140413327269375914962115852007894513938606279591574376637

9132880383287326933294788558759682623949574423128260689801820154438279375334518692402429288917656067022151730309998245073298081623849024148833768555494531876669451187553382125660468232255150697126038762800692895229359762356751965467805161626220931031417506664750385143638326646656692156154482749703798225124815240981143741269670426490152307841959306107311032804603779972195346178684359807081835810050211170473778586883918495649593937570350980314570644594846398016245873228602062890083628807

9017623097018565897996917668324452303085170110024430771052883997320675492596293054545333803170419168941793028366037834696560151224603439487697229773783892293278415915

931853181375137963431637865385366862263544502994148216959894472396779577006431562907437435637661391303893709402255254302064994626809912891276519662162881921176502935774158396095048682163137160125069149704

215700246933471620706411863234799305615720501868993639342918951144

7153295258311834767997826629958053795769377635568631551070071135130145774269954883569613792496343492255750792140072738603901963498441195238747107281791219433969517175341250575311096936979643620430314089494600493166674325694633361996082995043438387103465904072595016587483187317485995174373065029848298032741316614510126307410870868013160989830572300023820521922169694426303204562542141116892390535631296159956008

69466904355954289411122694461801938738139440984078920089841665296461587036415695151505878132148030649404534142719695216689409743354695615772166351921004921536644468855797782944601827608557839872499260652407768546140590262056

27109706830098929442146150750105650717919363458706687094658528532209234699656814996155028812666387480024951862966232922488784159899535599052766192041684306442441749691200673721517732953102418542304365385657425607521003879032755054148945682820109783812924731586079534306145389238185559445790093225165556954112966498935853198112023746226634925079504771192447306234870879

94147080605125435731499975314867575380802336577547638348420006890152472567433763839707517803165133152881452406895219595591807502702222689239315199445223788966058888464

40123443773537881582181354300678700120748697984164173393182712911966220718297085712392777943427956570650338110246062703059486366281421465117411273225616213026612263159700227173834681821190885199506598485945466464754252288608285

326760068792436635617106446025241494527268748421601031391091681110562512949017724064854765864689072924267656277770977026941595228503398380022599525334909818803414154784636434290151267257011693781531371916579325993804402234205434751155209204973719734783797956201040629620140487823898271898390418047696984767634005967699850734404774230517231984486297334851891429204574864983785507879699229707869285247440734902981499426103383831045029507717343746540299054505414544942608838946891240213

1295674546424091711150287018545247814362277769612321268451929702438148343814486768261905096670377593443807841612811127850949663081153371670283074617428749913365007438883

87163627447767005677207369618206184617722918060398557806319387734514650589195700122799377341202462106531697261207238050265690277994030738367731471004369036505527571741808880204685372319694403697146005136418149976644099162321309531714670255165099395917529146424475276663221249688149292655631891074346846285313563542534538098201592688304297730283752934825200516448793826462311

95802292465238866148750738340762704997371823216273110788593889095896607190159610073748488121059697299222010026940

512668215751128043699743888184433831207652553455635748192973364785590031886519898391

136631589618369954069298780312421945872927

882112968395159625527184444794132409506103865457100357594113708682278050607442689617528797898988618331286585343922469599444575203096867245194385749295828445210008432259448412384939292478232936649781358290547510617004854732783703064974431984848671012726080250691535401566280063292938202898

97343437121819940329859101341051282483075101339623554371734557246610125944916460026223929351594104195788700086931058127603470298583813362466410711579618872755290231218543430417732775972156801539493714536568105516923279891103972191926835174674030940587011548977992258104799665545812280076633776836762154727322866931363357814040963766400881765213252457646621858045532176298834500379317628359052961335807971106625640377315165

74964747747749180205293427424326177057340151407428624793855219682946380091978444631263962373008645704370043390130849706356810477660290147131046944901141309353034757210951621780213923201659516201295919818606474772694627370525568805543582959205861954286625321693332115388523127791967766665434857916612081237573949038756315998086626183958272533988422455436712660521890674412161671850027923390511743018788

70908823948727734708197693180425231424519841893401743398217370346463546540842266380857027741373885467064400374423872011416421668397410592766167744577546162883268600382228971655939690109328105034566116768353839775929534321891321664114972212628881525296897588179870289306874686636848499453833103604430705652354067768607785285127319584961452710770379143241611283265546940326803546469644601555

135354209645438018629865795082883780256800640302875308697673823794090740607

38298386649274608429470996566403496096182473926617353092876297798154789330780002867160654241286076127888891087471060366120392322395708752845664075049342379997648617455918349639594330601677822414528587716552149691088530326822579277892259370101707475867490124869970700289492922908948924167732901660308966484299538169829787

200532876824508904486987809524299035761690843854576598104871097897214476694844786583450721058272791960738414096036306612354574376396837582620180159558094117066923307892415094525745475

426867613589453910550313227661203732065913214254555156652872420943341350542018922156018585838736850400871261087918549872746470457764614149244898369790970834097743338756334675997815385537940785147875599184077394862982716098523750439594

36486227250830423881962289618984133094955988537

3666193913427261182658494599170107503338002469559805990796331084801802518068798609920

1056747942327955803802742180584713625993503597320184302012366001340503941167803175593060688660108779246946014067669065971420576763694177238914203661730926647562336163251464539067300522551763651065484290064121651535834255760963342808669571686839689863385696801828136506305680639393463340275351874433716019913362376412144689166407866890933999908851008985970723041424807207774141715296772943724201727963868722704485814

6969874162906510761433564423378

59825142297249434380744724911526208805793664686705345714833858254920686476810997084927785155893366538913549899770078595126147854593430503552183579215337829059344370834683873361875562590878812256960954386649676957965277005522948474093225310968933995425197041544046533633946227072397326196864055676489522093321491096230607740054055426104137428484517432089697475915725102911740826294936235459514970550085191024755607283040336079870310461451053126389471

31168033894763692906123103704376929886240746519112575151252064373349

21086851468202061157106171531840846188572098076160026830426567775719974031707934702103519461268631891297383657458210913721987579834555882862052096276461132428182245976366779881016637112611470013165197581913145186436102709393645633941896820353243563714769823151983191069644686628784396768759389700348104873204626993714046350926490700350486649131989575941947271975200755859480154403406378064464413258643093261940931069391275315710358903503779

7585128638664218609372759145419982089565659312458709369946147440286143077080909637574997839595665571320153954118168867148066750618797745778717273851825383647973162106667519941071385114797641356911996847850596205841932497474947808674010454253650664854246104586320310

8362172403733990590916663870253585719281753321561885804433303208236935209342187942593127681915352797560603

15988555232542878119320654056228276577238724457576542444200411537914175580146222641157933001462958097152462077572295169102827790380759603510936987056137397793899295173563766811793349703103819362704548818524402882426508133781984562628448889438395668348575589140453194844483321292719862515433312836092937046676287624966363664947089114873074563503402092527355030135521847018685683317919886722800059907624323443674956225271872886136003403372986994717843153041564954757807598591682

4200021812916242347157349926274397032839068027693315169563664207933930319334540846177343472141021028966791879066887082840923954684551818604493371841403114344414005402581135499303048313821812137897934203819145245413908983808766759873893551424611299654021049911561010485139614060740545453747171120217708876538201008419294

15156567483609977276444064001161641007888740014359305636021372743967242686236459547037664727132370406023308989581563635130985

66729216175023089594210352085164364497187341391776189225852990014895578314950034473893912279528975222893561828210150371130865120005501326264949210023123734211148494264735484946570483723048431520030042960601

24084093769788782335213623853291400818228141178625412771429174310351052793086010482433119066706

67208893676587649710489895538019987543609808867575318630155233160414869186765415191102162948520814917722919882824453919899831621293880453758741128736226101564383896322851696962681412962711259971015675310102539697178489739248314128002853062850123856698175596652586996415641295228139909671201063709895625461086666508994031920369184767546979117741509318302095918612468400512

352326364360878818385144686656695220708281662074238050005576267674161645357166521382981795749809092803842633439749441606006184518839019169410866534340018632196505045900100051640553465143343142634468019579515753657295914577192743563124712204613869305658803995182032796134252717892528789019745390316702057461171155682679211453394154181188763776095015764870602784970070025068725625662424122909843867903031345

6140999718936502973316503630813320532201320018410462900529677799724800654758429647603365119115884475280810854272344234570187401891279040999365209622747641841579203851402655486767109

1094572993056220309147488309365968253903520

3496477795591617508827477646494798673770112593684311777703217092692028762843805131083387021939332482071513486764649652117039400819031235708762554052590107350678866741455522268493627987183603668642438403247694082427363788931615420606500065847359204656189599562358128188625096784945382773047349601586612804183204

43713

8520272868184751286752772792141197476129309895149878990935712893643615618554364092691640628498542296007107691010663501127418617150507828248798360769816674660132330846779957346443723645554782031963261381214300282368087508209176897812509140982435910093678158871118116722

35771459574591488058353856142426847027717170633671981853254333430384413908524702420121174532512621308685054252799839590713620925441681078886438364031549703268574660507132050169897273151482119626248

520380157773227054002179508760873288

957979164932509656227339286924087385076623574098080641119675085543123897226975383054256829956056990236899661641612817861386514607981141902964172149182119162260169989002641268436722079270793811526624421802568505033899429997841549939625050166661314919131647519769297485129824514127447510206259631864525497652075199394689759685088150102217100520741929170177269

82469319579788368597713991213704013148520064758967257582561333399675266732012206658102507085558417309460841478686926605094694333284217117863921148983077310524962459674611108140853549934997016296911549728695022632476840648781055488343944880658637293940332801686743741274948327209540512965537313392419833144

804665395369550

3916680742397688374579830881817049795664211662372547766002817837384415531356332504580821460828757724073171805690

1915113022397123850396421174896851165062245361726078542594740200445142667319760042955196995352607431016136061389851571234950452131522811609980901227020530741060699127195529881224029166225801932132820663872726314640633194060267253900529243514067556069931954899946523293861691905215402800397171933056383922840324432674621613094233019640244397612524382210878864038518161780955733002244581544339171959565437329138253596949131706790672316717492030790770198620476396256654947108700796583817745167284685991

1768454120039792232460889990395608727774874369057270294072433972532911569687298411040162039326043737141009692366333129169383924156608692231645254567135569051830823195336696910978500741

718481192069581451588299864742821366170859262627236479852470704101845947514266955554438868497960719007436887824423214629719123352131304914860589557674452123807152395710850302654861717742359041928178589765772620961880418220691659623476817911820299697917760999023949343504968195713102478626163117221482189608084950958426871400748274660549969004270028060823526054741879065904058837978297616765719602944080118630965548

473997675380003204908551788266645834989080897869958842219431878356848225353787899930072982806401606556404518726377854935094697215420718441525023350537214957380725834705363857993010929377559

710870266637716073803739229102509496050293596647485

53031865617791437228957543286988

79806121244348712816713098873992962385100216987307352160826113402229583887894878894339686565128744422832631213984860913492735943726462424278278601414460572438502449373886295221735095984865198219502119332907391921205074563004122278175758979081269232400126839549415003041919268088241241819119977729265605487230937941868540712983979821577193626564943413920123359434901131252896495962367610237652297123840518515213846295419627831946872473836524177682426246949169442966032458956961795

7208567459979064808254912827110048379753400848034214961328848377143086130469892355835704

109762049635905330287729545603873841212052518221536517809058706146350431242583172504281978163554512098191529109731073945736072380214127830717261623713378942889774583570305954092990373595945361757980915065081501011317260237543861364937259969439316508180257728006600053013593422139347326

99310226372571666996207853676026473972894750206834390645910001041126285938098229811944895276474644576345070635719670470460038765110802720985723906442214267739776649635137592091130207609535234484417664338643700455978271721628957516794375454422137550096854414807407768162201309409050819052208779808295954045622199618936505319801105365451362118485031959627822744092967794225805045835749546678744137000764822630366096299672397355552889794036166185287630415

370134272602305924778993573687453461912434405777905165796672521207587080762713648093709875916395634964547507407064334116895570806455023838064489693644313624446987884722411420353652360197258810309728351215579527967167577103273830350808263347328495712520948197034133095513380417896642

80881927843920427177588561792615920488723617018951833676603537263356159801673300562086634435930509742892975879881309268766337755291605646615152098097860680693525937042451475697369366487798133466616738280542807306327935872722151987850035648395970212329363332468146392701415382505745490915749019735170263157622070275112124862761696005797037831709030657050109764051540561219512232853252241906091297211519

8626654190075038878591494653795035911357469149685961349664996136165444986

889634274003229791909295021016467539698498395939844747320903909194134006731151042504818569713364931051528190816948518874309177553670520587119869092790282266326173947012062703596447313135538446542294520060348870410014679656816021903329807693198239788

1175217266558540868063701979184588533437389524250133320784420333153932

8591515594348873351774066835047765012094031

60054749174989636597289767969404445108165242370015883551928760495086717903565114866697340043256134837185204085487697190531475730724184141378763374346849079059095621705460120634286464275094257692908720005826304930739961421646876871999016031449615132682914942956703618439186831822930616326996545244252579014754958932749192528672774769288199768001388442063935189582790759453477662643885421121063

390425895326559289194232794160711859929027573302940212174316969725680782612505591428317058045634785975372278973462464649693427706809846914009422602886902399527772502528226045369378400608673585180926329584532690983814014585063682165701073119122489205129344639229642426564968894858519707

5136521971350

64

651687265844315878275766338712343631630598583606684961794974888966754842066606764838766934758629608476976414660197959144580788326311007885251597898868916105832520256849803433720

29833561311448618987174748451678128588557196950213034009326321752616290211865123687325124022790069843883101202549472914251661797160226561798571583963807613981394

126824309000479058079268036952404777469180853985723466343964586714732787314016356596878514429655709196273629760651496772710015520406827345358954143883852824496319046311187792699976157559391661999489088737456100634558503952681855809511386830032602014011340542835546138282496160667372049294771556282580341523394304048662449030616869130835811680470638617613221142971904699597975311915102083579214

1114982004487266611579389760621738932669851035356884413666935390380883309958892647049785064094223130338488440810412707662036582430961947749472734628729247801433477145306191301875617117401334400770403643891869116060323648736096502744577982884604826501407183407452415094127718866592900846809334173774291252158107448950145039310095386992880386665410713572474893824487080609417496033865250612826320949673474936984232244684167935182356774641924107884768280433

56327055733910423623789850675140290288218248399821545541566822034839519105611940119535584400983055609380184305144210735610195151810225211856299857668569295330480224090133719023644857885997872

7648454309477481390985814408851185650878313879026177565565658377553526897404044485584502161818296925183662597493011255566712173072646436169596161867202270037435154215891619410360033742385280861127821732531435523448561624468355138792737605702

186230

83209309108244681859248634043407490092170343549603993712185966040717727683828255620959061521315975876596392092216331775300723607404987936434003769311957804576181560234250369293598113647192119890740794519615270274394006891106074749759589612870801866120527806961457516713204693974660

986587339528748071501456309288802326259367530478040872414690268835589580457160075680095819968187406519722185

89922017532166604152003873922216410912780406832919356123938

17840499084423005868595590641193377538496513214754233541411096251045788002150723420759111122335654584412516575272204255213928829218292259629634457601604541947541235438684381781451491184196670291396099119784877870709357179418565217046601436882696363908988669496483525341006985246749283683925060805864625806789408771939746902723533659255561510731289129231750350267238050784513033722127938354150133036756499314914055392842067993768488804163092

923531489817836042891764368587324480499590600708253355829861753531007634977598122615218210699679843647092500728300336934936610037398687773911229283275099800143985456199457738362835031783509276179963981431961743685991691132830547206543560652453988558886602756735322522814409855225844263849337791162716065142121847438988533775868734053475415599803186100451177161234220479716936659532316935823379906556629098871334721954824570086489566313802

1

6441348686099253033862631570124659041211027487480401322213792222470317281903317168390642118092648194772382754951089974928507636761270144539093699600787889133083277920802566227715746540169385042680043573165105870531867595399841785678273828843226143483114294648471110854468824938563773121729546457841653355848023860758512053142940423320229804424929682307564996791158221886671064603107385012428713033398915716326512

18078492756645474541949644031567490738400559651437366545340734312266237360441413602257799235770703658470262542125494021362240211039673891995356032135639664643993622527267192181676443571651761761198086797466806522993096784157575032968947506982622766277109862247709927815576763051183983978510999304004932489933786717247724122525895218552800693966744206165507709873093176547626085653249703205443097809108585818091770731178271816660046998357893887379005130035891066763430487677640

630772974691355883070945592651794641426628496772970324700911293675575008072373695847933910830035713638668000159909026853780562618401812292390657394414354807464374130105053192738226282289020698019586356075631870408256212998577944668423651154432972846327940910710726724012268324826239833884628291970991803345821288559605778024726

85529249396377859588643447990009914130870315803127699686043472898954113552125047243106029182827996086323228425931490694710

1158287135619586377394602928703176445794925874529734851080099645673866705041907905773960040904697390217913513713363484392971443028570825150923843644389450356678932261136211609470785356466302865467472739929084443709083199060103517016289218369226918162569336834873119703

354498488432515232274548680032562601470069735570397439968704446457139260987641456988583660012898478536405240921065777756847867147763208650358145621936680934223095315973584908962714251907650192033469349149135618272130872181959910923524885989331939416472237013353542411645195438803283830553618273596407508129541827669842602192533649290030400538631133577511912994974209

21611527547090732415858685434760998990255569835261546692980509213400059780276240663148908656617934430384554343882994733254426633828831394004558254177621031901450283036064229385850724570249604406794240040556829428539486486404855873138610431196161735409066845086233065006389836729063338670486192561796167727253336385549336723370146882896695121036739820201648851946

3416622079221270074314341312824805891234912204254776299183778956795198487846724299724178262

1859327590592113440234377404378214338064378482469055987705354524078278206910861950037880345730401603733242808723953674129361716288936143503493752808613230243347065530074509920898197063780905285241501360731830307848

103762676097824459737888645113266859639890637282884042910683615358272393951633904546111320330208146341037757490538339274555025751

4756843963708634224431

92157263908794530713785689164533129090296821699599243479328328698305157162660862304205323515418236809209208824491857741757970527769253982795561422021899714662320227996291265356849838474648459859519197536313256769704196269446042238417009325339135379000805688026916445988974479300520490287041505418874916257232181908141209267070146084486029809020630639694191186829096000053842229852577174715775988974424478995700266099862500120528260049306991303391900433728711494577564

168199038001894299463826510418411138559965493297649073864590650221000324119783080987825038517949199031119564380866500528523804556390294911736760785226492630831556763087658360740398308274365480553988370540373111273522276397176020285471239400845100283

76113600887158554211513313062076624457388961047185246058894892436779296009572401363918947836381765472619434223033067769812119308317337608369232847021122370773174773971872252411911907915759382493992870712580388229535338323058479661194534013

661470396164821122302793897149942630481729876234988944777383634845369661724470406520785157995725492471011685161811479751349590304183842576989926489415393143115796411511174134949189506017033856508727821040777693143421546600125677440518647517837795843403817143610522834273685564911530

708016076708735749724206604299673147645346764936703732648696824293153266827397582432626278660727195043188129955571738281967550107844402123927666743966405351613067386641970944282302453488276507484030552758685751087965670942375419551062165529312361443344034021528738756019020917748548620866681807

1201498270384802753416170369048195340058073244432306607307327648137847111181367244308271497673404111964605056460486365037965316878942083087155760949291741290754378210989094390039374694141446885785717666869149720805168501345325071906651827043250529025026996268146412608396325019589905979696966172357231233916449814062999982931844379494989772069525183803433313227807960138810962856644345074692718

15415119845410405394198283282140763034942927195845513083030934497344625235364838750012708170275667918695266137803509648988320412462128008879336225583979727366032792076768858420808056218590790632483963935398114898205403872144191736156094825222311400080742098753675715476010946748337709126798844072966635536094183663616827016343781535727709463886262293028837052444192837099917512029744539360685576735100889841461280585576302657026826195301988123652829225163574106020513

5

14307124142085704908699139757477302929068854046851178104099057293674424885482905291476772504825774200307289554117854622230669969562548223592812796322814631205947485838938712977070049697331364534281073063758603688598077252490754826115371481160717216556536068663487786954816659299958590763387010066413009000716802697522118445468640621953176715360098877469040269258222

7115518248168851963480411871433056114902088243668113387819419734460340579780583865736913532914224096050834609723093893175243046496570599242008018364090352573

780290238882329801090

186893290713937795603459790661839044172372476290182079382203918462691419982157492085863095624529664175317504808561962186988594958218587111599424846092590695289250809579518007869795141074582228904251681301923615170822492033289089624791733874118435367191594699776284994425929103234610389366962011999226680676616846032651937834385826959475913846187785729299126210645014927998630594057777597564330538061530876382258656641365386737254004161872757151801936925643914919236063040894633

7657730823740034098420257950062490760008196897685386644295944

556976371499273018582541631547615486591076490953120072480891777019715153413384876396935063128307260324613568064895852601669549222653682997923515525511733564000149287339767189799080912610658701051016516064850420776012164035458303174287546081624361010677812333967881287118752091889126148587077

79020739498112540690794674758294102842403942501858650150006993202417111648159387167134730199892650934738259984492044020922750909656682617960916625698346925560057412214140142106433286139273436022898729002718338753297409715873745587911297

1306894793116820917224200807818651183878084820670878338144963929971042110788259590589450367688670643088327029856357295480921046463824267209348808297680846967204744592337235536793

28074165390538787821597701728021552696151745104898843082245587037719605183789191025046319387445676080905341779425075332724867193259994697161003986911714629527853387209417801821089374026153509236579931066718851976939027741642426971431084738354378739579191013418952

8148320134913288749047082089166037465992833468462681195494269879776917985231564793447005827638587601388748291075485901397789791445585011946167748262046981211066007860796996121799241321346337040174911241280802921157100323268074172842366608992839870621530

97731477082804557574835955524134563296037776681671776569909894800997961351555462017475028082315339083236173045050055728066041115516863740983215826376139257168014929679582121299176111457299870496294939878351653445738432560948846439185776622486993846700053162414198210898273339062718627949626155419901430709517828465522824218673484368818797287655768702

609592048139015309148927731843488512461095596311931678889260980913934026285215392997737180569796590728128383415269349667304812208528201580099020875220924476217039255587954810609755942784113654002214059064387766901958566917194728379250326239859939040110927845401634173952612636437866

23435473618242590326768442845566366704252401274829374980657827664453456955816992628530376612667579881945528045388277038952657156056065624087818801624595137086705258356025883653345994810816521014026852588258557039586114206003142347658084930323591706625280703458923604203774166355

72525318073731374098558089175714530188829676281157984703490353190647856897701656062486587101741045044144305573075804317344570588677497784649700162803984196276953893287476437096930147291857449477613060793996656420207270028785320726362280279806777113590426858461848224307599689575106039801202346350208809645452354117232233519329863720276977388

349924297846466554949208681241108179986629266729760062162721047679078147019057550179783527550482776300995371218328055843364605794331888645469090872697645452024102834131625153403613612616757161246770013307616469366795039247963826615943359238537412336055903

86018000562385078056548371128316397196722250503764513973354544517814893224158394061177350569529929865549999459951402952667571314861300683999647342133106089359532334358607850185964484942

4463044190820619607139201008060912089798623059268627748199451873167752878653907269539656369882104228251106899903732587907556125255161995200927872864199034953333825300899798907266120334744386895900420179489090979106078447849066840436

1349335390462

96368273980212309507853737661163482377606967035882048328467400142041817647726432099749625098157380917840360326964390197830707684465492160458599311271913793789428384344827654642787687306734158472940275839748111183751320700267036690318065460778684744239919713031718624758662379307488079424687221160240916590123634253830332211996908789625774551148546879197

120732527347645787231824320391947956721947659102953001656332861099924718630798561413919195245049325149005327535000737277525909880268155820427232320834734682277234281660894762197287111130322889104320252868016294436062266815578467193233572783006010972034276671416157767206147908118290675856482001003054979810267958834492899623746053238162556116046491419714215910856735096414459855376688553299356197589009774077042426209872855526500141095299081349974

486081859170525709002812201128236363403677206192536456421569915903645638779377046366884436081809974333085757590939158983268166318123913260500951325393706

410949405297221861877156036976031258127602661203485861995493983970953588146067618748623592357592415782302521374566925352877564114325830626852793093834879940833184541698169784988837929446769183562597397684627265335904

675292162650671195

976292455281321781798679674993426810896813142265955898153697573408844857771594757992982621583224791600477272410372181300770617393219831655318273214445434729223199369964967108568393196399185287434901757666864023678410426553646663797954831565363973673813660422783445709251059575758429270027190687423106194492859018860357437951352835934638822337952609169877453734274081956293614457060339866668

296667956540255730692393685025552537976775073021344750886735829537485778473774642

795448229846184969356670773386672934916061

5137447232409859187686

892795788377610358864623215230215589900767081437745853797301587018755328855078088476038157689135915337960126345756218544907213823483602861801027100140816006948093458252225908012839730071884780243160567164335917646559799245891055695504851290998619116686410908793696472979285630082350804746381444156294808087218564496477883829021300725217779155

87639959497506792437420277684387783183175118465283398265663155007918522530640781347209088054679993488727718644134316719329894330196959609706873045518822226226636684631513309787124231165795198634185352661205886899272668425600800778027320507865693956906986582812720509525931145230099244917425612560286259524363565504633965698002118338596553842168

1081201410960679108104949296395742857711395845044913781622127418962848769286647699412011600870039329260941125227754457112458324226394446183002174116847008624785440888454464571074519080613400806671218272620028183968869709694851852246399130424692919

178535798353740031518551165374838786694468265492709700667478324517727729012938827

8242662427000894887115564352066812803527110723665853768675801928295576007953728387923272544437208967302941460613449585168205127650405708079554617425316664151359837527930530910287502593794883382556386773719103485282770724497756156479134976347898151865609948737399213636362879047601932851827120018537121547321869134850604582

129097449329901898081815699521512739920987767

21042405950399619661260157535934268795252929963430264971716601874514741589893535099636
N~ . . . 
